+251947810008
+251947810281
+251947810073
+251947810087
+251947810202
+251947810126
+251947810205
+251947810225
+251947810289
+251947810046
+251947810154
+251947810265
+251947810054
+251947810200
+251947810192
+251947810162
+251947810284
+251947810173
+251947810019
+251947810130
+251947810049
+251947810140
+251947810118
+251947810167
+251947810191
+251947810109
+251947810257
+251947810141
+251947810013
+251947810082
+251947810201
+251947810297
+251947810220
+251947810133
+251947810174
+251947810085
+251947810181
+251947810153
+251947810239
+251947810070
+251947810010
+251947810299
+251947810027
+251947810016
+251947810100
+251947810091
+251947810036
+251947810146
+251947810161
+251947810272
+251947810003
+251947810273
+251947810275
+251947810228
+251947810026
+251947810165
+251947810104
+251947810204
+251947810064
+251947810160
+251947810102
+251947810084
+251947810062
+251947810015
+251947810094
+251947810255
+251947810119
+251947810014
+251947810051
+251947810262
+251947810290
+251947810187
+251947810120
+251947810055
+251947810215
+251947810030
+251947810170
+251947810101
+251947810237
+251947810164
+251947810009
+251947810134
+251947810132
+251947810249
+251947810188
+251947810121
+251947810138
+251947810219
+251947810139
+251947810068
+251947810097
+251947810156
+251947810180
+251947810108
+251947810012
+251947810274
+251947810238
+251947810253
+251947810251
+251947810250
